1801.07965
1801.07726
1801.02290
1801.02480
1801.02668
1801.05050
1801.04211
1801.00729
1801.09488
1801.04993
1801.00336
1801.01183
1801.10533
1801.08611
1801.08017
1801.04130
1801.08771
1801.00758
1801.06103
1801.10475
1801.08063
1801.06144
1801.00234
1801.10362
1801.02215
1801.10313
1801.03454
1801.06900
1801.09778
1801.08114
1801.01054
1801.08029
1801.01253
1801.07552
1801.01553
1801.07722
1801.00766
1801.04120
1801.05161
1801.08433
1801.02994
1801.08598
1801.09122
1801.02938
1801.01115
1801.09796
1801.09992
1801.00853
1801.03834
1801.05333
1801.06255
1801.00562
1801.02295
1801.04890
1801.04488
1801.02890
1801.10022
1801.05235
1801.06027
1801.04584
1801.04497
1801.05178
1801.01033
1801.01628
1801.05017
1801.09448
1801.10576
1801.05594.tex
1801.07154
1801.08994.tex
1801.07399
1801.08725
1801.07628
1801.07790
1801.02651
1801.03594
1801.00925.tex
1801.10198
1801.01513
1801.02015
1801.08458
1801.09992
1801.03155
1801.03112
1801.02041
1801.10519
1801.10227
1801.00144
1801.03457
1801.05714.tex
1801.09344
1801.00571
1801.08995
1801.09213.tex
1801.08995
1801.10576
1801.02208.tex
1801.09499
1801.04965
1801.01838
1801.07286
1801.04080
1801.10086
1801.02069
1801.07080
1801.05285
1801.00857
1801.02595
1801.04790
1801.03248
1801.06216
1801.04229
1801.00746
1801.03017
1801.01934.tex
1801.02826
1801.02769
1801.03980
1801.02529
1801.09240
1801.05398
1801.10287
1801.03171
1801.06807
1801.06376
1801.02184
1801.00979.tex
1801.10581
1801.10003
1801.08461.tex
1801.07320
1801.09361
1801.09992
1801.05973
1801.03830
1801.09456
1801.07193
1801.09435
1801.10562
1801.06422
1801.02244
1801.05635
1801.01609
1801.05619
1801.09473
1801.05890
1801.02457
1801.06446
1801.03484
1801.03972.tex
1801.08024
1801.02277
1801.00158
1801.06098
1801.07901
1801.07324
1801.05326
1801.09445
1801.00764
1801.09540
1801.05124
1801.04316
1801.03987
1801.00853
1801.04890
1801.10186
1801.01425
1801.05937
1801.00370
1801.06425
1801.09749
1801.04509.tex
1801.03440
1801.03181
1801.09585
1801.06361
1801.09472
1801.09158
1801.05655
1801.03796
1801.09344
1801.04331
1801.03464
1801.07644
1801.07652.tex
1801.04088.tex
1801.02796
1801.09488
1801.02213.tex
1801.07068
1801.04890
1801.03851
1801.00719
1801.00751
1801.01968
1801.04713.tex
1801.00453
1801.06829
1801.08771
1801.07992
1801.09021
1801.08624
1801.02682
1801.06422
1801.08877
1801.00339.tex
1801.08736
1801.07027.tex
1801.06268
1801.03593
1801.00778
1801.09189
1801.01478
1801.09819
1801.06717
1801.09176
1801.01649
1801.02570
1801.04815
1801.00607
1801.03983
1801.10209
1801.07664
1801.07317
1801.07051
1801.08185
1801.00742
1801.10605
1801.06055
1801.02769
1801.07922
1801.06112
1801.09564.tex
1801.01628
1801.01724
1801.02391
1801.02658
1801.04710.tex
1801.08310
1801.02209
1801.05960
1801.00308
1801.08064
1801.01069
1801.07193
1801.09283
1801.01355
1801.08430.tex
1801.00321
1801.09864
1801.09784
1801.02013
1801.02842
1801.08646
1801.02843
1801.09057
1801.02209
1801.00080
1801.04668
1801.10489.tex
1801.09484
1801.08654
1801.01194
1801.08568
1801.04602
1801.00762
1801.00928
1801.07051
1801.09125
1801.07738
1801.03416
1801.06422
1801.06886
1801.00780
1801.08971
1801.00986.tex
1801.04157
1801.06334
1801.00288.tex
1801.02036.tex
1801.03742
1801.09530
1801.06947.tex
1801.06996
1801.08220
1801.10269
1801.03177
1801.04632.tex
1801.07833
1801.03988
1801.07928
1801.10292
1801.10483
1801.01460
1801.08119
1801.08754
1801.03022
1801.02480
1801.01974
1801.06605
1801.09727
1801.05132
1801.09317
1801.07644
1801.10192
1801.07507
1801.05956
1801.00104.tex
1801.06293
1801.05991
1801.08546
1801.04890
1801.05829
1801.07096
1801.06332
1801.07663
1801.08290
1801.10603
1801.07272
1801.02062
1801.07322.tex
1801.01980
1801.10556
1801.01808
1801.02099
1801.00259
1801.05781
1801.01963.tex
1801.09051
1801.03684.tex
1801.10112
1801.02033.tex
1801.08761
1801.06106
1801.10157
1801.02918
1801.09455
1801.03059
1801.02838
1801.07492
1801.08372
1801.07904
1801.09802
1801.09440.tex
1801.09490
1801.10392.tex
1801.09299
1801.10110
1801.03170
1801.05257
1801.09548.tex
1801.00333
1801.04322
1801.02457
1801.01710
1801.04523
1801.06358
1801.03026.tex
1801.06161
1801.00592
1801.00401
1801.06412
1801.03330
1801.03442
1801.03557
1801.00396
1801.05762
1801.10290
1801.04126
1801.01088
1801.01429
1801.01256.tex
1801.04543
1801.03765
1801.09896
1801.05270
1801.01668
1801.04309
1801.04749
1801.05168
1801.04381
1801.06283
1801.10519
1801.04076
1801.02785
1801.04463
1801.02603.tex
1801.00094
1801.09225
1801.10017
1801.02053.tex
1801.04973
1801.03480.tex
1801.03875
1801.03066
1801.10192
1801.04723
1801.01828.tex
1801.03581
1801.02527.tex
1801.07606
1801.09048
1801.05159
1801.01770.tex
1801.10397
1801.06545
1801.10534
1801.02090
1801.08832.tex
1801.04268
1801.06390.tex
1801.08093
1801.01916
1801.04890
1801.09115
1801.05894
1801.02618
1801.06181
1801.03891
1801.04307
1801.08266
1801.03639
1801.04723
1801.08585
1801.05728
1801.00521.tex
1801.05091
1801.00424
1801.03829
1801.09810
1801.00191
1801.06455
1801.01633
1801.05124
1801.02761.tex
1801.04702.tex
1801.05709
1801.03518
1801.06271
1801.02151
1801.01550
1801.04816
1801.00398
1801.09240
1801.04134
1801.03062
1801.00093
1801.09455
1801.02050.tex
1801.01280
1801.02614
1801.08598
1801.08571
1801.01449
1801.08313
1801.05467
1801.07504
1801.03032
1801.09447.tex
1801.06247
1801.09128
1801.02613
1801.03253
1801.02130
1801.00563
1801.04305
1801.00865
1801.00750
1801.06281.tex
1801.10484
1801.10556
1801.02244
1801.02244
1801.06434
1801.01436
1801.06666
1801.04195
1801.03551
1801.02311.tex
1801.05921
1801.01174
1801.09141
1801.09279.tex
1801.00551
1801.00627.tex
1801.05394
1801.05147
1801.08111
1801.04339
1801.08639
1801.00328
1801.02152
1801.05132
1801.10603
1801.02190
1801.06897
1801.00299
1801.02651
1801.07923
1801.01279
1801.01470
1801.03557
1801.06934
1801.06142
1801.10142
1801.07826
1801.04980
1801.09466
1801.05135
1801.02480
1801.05666
1801.09136
1801.00055
1801.05124
1801.05204
1801.08702
1801.00362
1801.02094
1801.01659
1801.06479
1801.06164
1801.08474
1801.07823
1801.01448.tex
1801.09189
1801.02829
1801.07452
1801.03178.tex
1801.08367
1801.06422
1801.00269
1801.02249
1801.10070
1801.04462
1801.00035
1801.04890
1801.09368
1801.04753
1801.05290
1801.08026
1801.02595
1801.09641
1801.05678
1801.05159
1801.04645
1801.03163
1801.03334
1801.06003
1801.07934
1801.00638.tex
1801.10362
1801.07864
1801.04891
1801.09107.tex
1801.00107.tex
1801.01238.tex
1801.07169.tex
1801.01136
1801.01574
1801.09823
1801.02818.tex
1801.08081.tex
1801.03669
1801.04188
1801.05039
1801.01740
1801.02244
1801.05132
1801.03117
1801.03874
1801.09795
1801.00934
1801.02224
1801.02394
1801.00314
1801.02388
1801.05119
1801.00997
1801.07853
1801.05565
1801.05716
1801.08176
1801.05339
1801.00831
1801.07399
1801.03049
1801.07540
1801.05637
1801.04892
1801.05353
1801.06258
1801.00684
1801.03033
1801.06436
1801.02049
1801.05112
1801.06144
1801.05434
1801.05597
1801.01208
1801.04718
1801.00904
1801.07127
1801.03987
1801.09819
1801.07780
1801.09343
1801.09343
1801.05055
1801.04197
1801.05124
1801.04277
1801.06649
1801.01147
1801.06490
1801.03747
1801.02817
1801.01096
1801.06562
1801.06432
1801.06348
1801.07562
1801.04147
1801.04530
1801.06561
1801.04749
1801.08056.tex
1801.01981
1801.02685
1801.08369
1801.07965
1801.05172
1801.10475
1801.00249
1801.06249
1801.01628
1801.03943
1801.02648
1801.08072.tex
1801.05678
1801.08960.tex
1801.10157
1801.04453
1801.03580
1801.07992
1801.06033
1801.01984
1801.10571
1801.06225.tex
1801.03137
1801.03220.tex
1801.06605
1801.07568
1801.10556
1801.09051
1801.10103
1801.07880
1801.01726
1801.01628
1801.03712
1801.00584
1801.06632
1801.09935
1801.09594
1801.01851
1801.00292
1801.04258
1801.05828
1801.09358
1801.08961
1801.01136
1801.09240
1801.09012
1801.00696
1801.09016
1801.03002
1801.01854
1801.08388
1801.06235
1801.08191
1801.09266
1801.10519
1801.04032
1801.09166
1801.04078
1801.07022
1801.02630
1801.02349.tex
1801.07254
1801.07148
1801.04503
1801.03300
1801.03557
1801.05124
1801.05507
1801.04477
1801.02942
1801.03308.tex
1801.06177
1801.09886.tex
1801.04331
1801.03004.tex
1801.02178
1801.07303.tex
1801.10191
1801.02441
1801.08462.tex
1801.06753
1801.05065
1801.00647
1801.05648
1801.02574.tex
1801.05648
1801.05742
1801.02309
1801.04383
1801.06065.tex
1801.06677
1801.00347
1801.09532
1801.10314
1801.04847
1801.01136
1801.02393
1801.07741
1801.03906
1801.06846
1801.00267.tex
1801.06886
1801.09517
1801.08024
1801.04463
1801.03904
1801.06850.tex
1801.00933
1801.06009
1801.00575.tex
1801.05127
1801.06213.tex
1801.06422
1801.04797
1801.00936
1801.04688
1801.07780
1801.04390
1801.05927
1801.06653
1801.02061
1801.08707
1801.05722
1801.03000.tex
1801.01415
1801.07422
1801.08789
1801.09721
1801.05150
1801.01057
1801.00283
1801.01171
1801.04625.tex
1801.10130
1801.06201
1801.01671
1801.03764
1801.08138.tex
1801.05634
1801.09788
1801.02927.tex
1801.07559
1801.05015
1801.05644
1801.05906
1801.01566
1801.01080
1801.02244
1801.10288
1801.09502
1801.08375
1801.06541
1801.07770
1801.02832
1801.02353
1801.04329
1801.00665
1801.03217.tex
1801.06183
1801.04332
1801.04342
1801.00280
1801.06570
1801.07762
1801.10112
1801.06907
1801.05124
1801.10603
1801.00225.tex
1801.06846
1801.00713
1801.02142
1801.03066
1801.09066
1801.07374
1801.04500.tex
1801.04208
1801.08641
1801.04331
1801.06452
1801.05064
1801.02442
1801.01241.tex
1801.01054
1801.06785
1801.02782
1801.00234
1801.03580
1801.07422
1801.04552
1801.00936
1801.02141
1801.05124
1801.06474
1801.06605
1801.04185
1801.06886
1801.00618
1801.05987
1801.00028
1801.08761
1801.07647
1801.00742
1801.05882
1801.08026
1801.07862
1801.00058
1801.04275
1801.09344
1801.03520
1801.06579
1801.06464
1801.04156
1801.04268
1801.02960
1801.08682
1801.10087
1801.08186
1801.03433.tex
1801.03832
1801.02578.tex
1801.06886
1801.04944
1801.05692
1801.08571
1801.04226
1801.07577
1801.00553
1801.02989
1801.05535
1801.03542
1801.07826
1801.08427
1801.02675.tex
1801.06913
1801.02427
1801.02670
1801.05656
1801.06183
1801.04212
1801.02467.tex
1801.10078
1801.07658.tex
1801.09304
1801.10022
1801.05550.tex
1801.00448
1801.07845
1801.08533
1801.03492
1801.04690
1801.03922
1801.04065
1801.08302.tex
1801.04688
1801.05335.tex
1801.07937
1801.03121
1801.04523
1801.06920
1801.03346
1801.08937
1801.10583
1801.03354
1801.09051
1801.09486
1801.08977
1801.08582
1801.04506
1801.05946
1801.01219
1801.05540.tex
1801.08761
1801.06609
1801.07477
1801.08598
1801.03064
1801.08114
1801.00607
1801.03253
1801.01400
1801.05972
1801.01397
1801.03829
1801.04931
1801.07780
1801.01174
1801.04428.tex
1801.00954
1801.10028.tex
1801.07419
1801.04371
1801.00929
1801.09982
1801.04810
1801.07006
1801.07348
1801.06703
1801.10012.tex
1801.07826
1801.01313
1801.07102
1801.00955
1801.02112
1801.04547
1801.05305
1801.00915
1801.05374
1801.04270
1801.03455
1801.01220
1801.04706.tex
1801.03276.tex
1801.06959.tex
1801.02112
1801.05091
1801.01231
1801.04167
1801.08850
1801.08005.tex
1801.02425.tex
1801.04107
1801.03325
1801.04892
1801.01875
1801.08208
1801.02786
1801.02793
1801.02369
1801.07110
1801.03239
1801.09395.tex
1801.07452
1801.02209
1801.07051
1801.08701
1801.10409
1801.07374
1801.00397
1801.04972
1801.09370
1801.10067
1801.03430
1801.08182
1801.06541
1801.10003
1801.03983
1801.10149
1801.06726
1801.06184
1801.09618
1801.00684
1801.02062
1801.06063
1801.09597
1801.01641
1801.04329
1801.05040
1801.06077
1801.08114
1801.01331
1801.00437
1801.03640.tex
1801.01429
1801.05064
1801.00908
1801.02852
1801.03889
1801.07779
1801.01594
1801.09802
1801.00722.tex
1801.05052
1801.01903
1801.03107
1801.06396
1801.05607
1801.04677
1801.04769.tex
1801.07076
1801.01611
1801.06165
1801.02511
1801.09681
1801.02970.tex
1801.05637
1801.09293
1801.07518
1801.09670
1801.10556
1801.01665
1801.04581
1801.02793
1801.07131
1801.07319
1801.09397
1801.02249
1801.09701
1801.10532
1801.06919
1801.01012
1801.01372.tex
1801.09132
1801.00656.tex
1801.09344
1801.00144
1801.02265
1801.07785
1801.09988.tex
1801.06220
1801.05064
1801.03859
1801.03125
1801.09053
1801.08052
1801.08029
1801.02480
1801.00780
1801.01340
1801.09978
1801.05864
1801.08568
1801.03957
1801.06296
1801.08190
1801.01734.tex
1801.00062
1801.03953
1801.01773
1801.07007
1801.02022
1801.03580
1801.05403
1801.08156
1801.03612
1801.00338
1801.09166
1801.09443
1801.09150
1801.06419
1801.09274
1801.05007
1801.01886
1801.01628
1801.03552
1801.02285
1801.03533
1801.07826
1801.10578
1801.04541
1801.05450
1801.04773
1801.04118
1801.00434
1801.00283
1801.01389.tex
1801.06822
1801.00920
1801.06206.tex
1801.05814
1801.02902
1801.10183
1801.09992
1801.04450
1801.02741
1801.09184
1801.08331
1801.08030
1801.06139
1801.09906.tex
1801.00410
1801.07576.tex
1801.00990
1801.09880.tex
1801.01745
1801.00205
1801.07340
1801.05736
1801.07647
1801.05739
1801.04281
1801.03920
1801.09189
1801.09241
1801.00704
1801.04849
1801.07566
1801.10548
1801.01838
1801.04503
1801.04021
1801.07321
1801.07691
1801.05762
1801.07901
1801.06824.tex
1801.01628
1801.04774
1801.04890
1801.07889
1801.03829
1801.04549
1801.08487
1801.06736
1801.07282
1801.06456
1801.00609
1801.09526
1801.08191
1801.07120.tex
1801.00496.tex
1801.08817.tex
1801.10015
1801.04050
1801.04179
1801.00477
1801.10502
1801.02668
1801.06066
1801.08380
1801.07776
1801.02883.tex
1801.03855
1801.09655
1801.04228
1801.08785
1801.06622
1801.01318.tex
1801.08671
1801.03222
1801.06887.tex
1801.07722
1801.06280
1801.03405
1801.09956
1801.01715
1801.00843
1801.01246
1801.04268
1801.07722
1801.03010
1801.00624.tex
1801.04985
1801.04890
1801.10602
1801.03846
1801.02918
1801.02602
1801.09344
1801.02002.tex
1801.01550
1801.06396
1801.00140.tex
1801.06904.tex
1801.04993
1801.00843
1801.06258
1801.09217
1801.04599
1801.10183
1801.01058
1801.10207
1801.07826
1801.01980
1801.07310
1801.06909.tex
1801.08598
1801.09614
1801.08279.tex
1801.03821
1801.06289
1801.04731
1801.10004.tex
1801.07741
1801.04136
1801.04182.tex
1801.06660
1801.06046
1801.01612
1801.02113
1801.05269
1801.02112
1801.08815
1801.03010
1801.04117
1801.01550
1801.10292
1801.02333
1801.10544
1801.02928
1801.08491.tex
1801.00588
1801.01387
1801.09120
1801.01423
1801.04951
1801.09323
1801.08388
1801.01174
1801.04651
1801.07487
1801.01854
1801.05184.tex
1801.05764
1801.01120
1801.04167
1801.06118
1801.04148
1801.04107
1801.09524
1801.05120
1801.02123
1801.03038
1801.01045
1801.02852
1801.05269
1801.02303
1801.07920
1801.09009
1801.06031.tex
1801.01347
1801.09288
1801.07549
1801.09150
1801.00231.tex
1801.01381
1801.06605
1801.05178
1801.08759
1801.01210
1801.04032
1801.10131.tex
1801.05278
1801.03549
1801.03944
1801.07524.tex
1801.10034
1801.04577
1801.06823
1801.03032
1801.03782
1801.00878.tex
1801.01628
1801.07826
1801.04813
1801.02836
1801.08032.tex
1801.04523
1801.03125
1801.05064
1801.03990
1801.03155
1801.04735
1801.01738
1801.08443
1801.02244
1801.03982.tex
1801.03200
1801.05491
1801.07283
1801.09302
1801.05160.tex
1801.04342
1801.06094
1801.05067.tex
1801.06738.tex
1801.07624
1801.03401
1801.05274
1801.04212
1801.09718
1801.05161
1801.02107
1801.10353.tex
1801.10063
1801.10109
1801.03671
1801.00584
1801.04978
1801.01560
1801.04237.tex
1801.05659
1801.08250.tex
1801.06948
1801.01286
1801.07693
1801.04977
1801.07321
1801.10002
1801.06913
1801.04562
1801.04107
1801.02444.tex
1801.02769
1801.07644
1801.07021.tex
1801.09306
1801.05932
1801.05924
1801.01020
1801.00989.tex
1801.06397
1801.03286
1801.08772.tex
1801.03279
1801.07129
1801.07091
1801.09739
1801.02831.tex
1801.00606
1801.03533
1801.05167
1801.02546
1801.03155
1801.02015
1801.07549
1801.00297
1801.07890
1801.07571
1801.02670
1801.08880
1801.02768
1801.06999
1801.02244
1801.07815.tex
1801.04372
1801.05730
1801.06393
1801.06396
1801.08618
1801.00690
1801.04150
1801.01292
1801.01550
1801.02668
1801.04209.tex
1801.04559
1801.03672
1801.04387
1801.10008.tex
1801.05124
1801.01523.tex
1801.09245
1801.04884
1801.09122
1801.02025
1801.04243
1801.03863
1801.07992
1801.02389
1801.03986
1801.10080
1801.04167
1801.05973
1801.03164
1801.00632
1801.08357
1801.07422
1801.07193
1801.05648
1801.07422
1801.00334.tex
1801.03877
1801.06308
1801.04385
1801.10577
1801.05007
1801.07901
1801.06526
1801.07791
1801.05605
1801.04712
1801.05950
1801.07699
1801.02244
1801.03741.tex
1801.07239
1801.04010
1801.04609
1801.03008.tex
1801.00791
1801.06855
1801.10567
1801.04342
1801.09532
1801.06851
1801.06166
1801.08873
1801.05777
1801.02009
1801.03028
1801.01649
1801.06219
1801.09695
1801.06865.tex
1801.05926
1801.09661
1801.00742
1801.05762
1801.02196
1801.07688
1801.06189
1801.09760
1801.09240
1801.06700
1801.02829
1801.10315
1801.07747
1801.06414
1801.06754
1801.08613
1801.01683
1801.08016
1801.01218
1801.08865
1801.07470
1801.08848.tex
1801.04798
1801.02901
1801.07302
1801.02735
1801.02559.tex
1801.09150
1801.08423
1801.03595
1801.09709
1801.00515
1801.04010
1801.02583
1801.07549
1801.02099
1801.10000
1801.09313
1801.04712
1801.07226
1801.08937
1801.02325
1801.04414
1801.02720
1801.10387
1801.05406
1801.05213.tex
1801.06055
1801.00451
1801.08568
1801.10235.tex
1801.04792
1801.01248
1801.02106
1801.02244
1801.04390
1801.00479
1801.03431
1801.01628
1801.01715
1801.10192
1801.02990
1801.00377
1801.07947
1801.08442.tex
1801.03108
1801.09481
1801.06538
1801.00457
1801.07222
1801.00219.tex
1801.01678
1801.02302
1801.03168
1801.02829
1801.00936
1801.01753
1801.02331
1801.04503
1801.08349
1801.06990.tex
1801.07965
1801.09467
1801.10225
1801.04117
1801.03097
1801.00534.tex
1801.04832
1801.07518
1801.09850
1801.09782
1801.06700
1801.09239.tex
1801.08586
1801.02112
1801.08000.tex
1801.07877
1801.03946
1801.08660
1801.10605
1801.06248
1801.08311.tex
1801.09292
1801.09150
1801.10192
1801.05353
1801.00843
1801.06889
1801.03210
1801.04725
1801.08769
1801.07087
1801.09344
1801.06131
1801.07035
1801.01565
1801.01641
1801.06560
1801.06235
1801.09246.tex
1801.08476.tex
1801.02634
1801.05127
1801.01034
1801.01860
1801.06182.tex
1801.07449
1801.06296
1801.07741
1801.09189
1801.08937
1801.04611
1801.09356
1801.08215
1801.03791
1801.01346
1801.02067
1801.05124
1801.07780
1801.08593
1801.04342
1801.05607
1801.01085
1801.08798
1801.06642
1801.08514
1801.08024
1801.07357
1801.03835
1801.00865
1801.08440
1801.06835
1801.10225
1801.07197.tex
1801.02303
1801.05907.tex
1801.00060
1801.07243
1801.04259.tex
1801.03859
1801.06821
1801.07006
1801.07893
1801.01206
1801.04055
1801.05873
1801.00349
1801.06876
1801.10556
1801.07569
1801.03367
1801.08711
1801.07850
1801.03197
1801.01825
1801.02944
1801.05339
1801.05896
1801.00116
1801.02112
1801.01961
1801.04393
1801.07989
1801.01657
1801.04024
1801.10435
1801.02062
1801.08024
1801.07037.tex
1801.00820
1801.07938
1801.08352
1801.09455
1801.03423
1801.09760
1801.02528
1801.01012
1801.05362
1801.00728.tex
1801.02595
1801.00936
1801.04602
1801.08401
1801.10470
1801.09610.tex
1801.09496
1801.02352
1801.06087
1801.06200.tex
1801.01615
1801.08814
1801.06667
1801.01754
1801.05403
1801.09343
1801.09992
1801.10283
1801.10502
1801.02020
1801.10260
1801.08685
1801.01085
1801.03050
1801.09675
1801.00724
1801.05168
1801.02964
1801.01406
1801.01550
1801.01447
1801.01628
1801.05444
1801.06783
1801.07174
1801.05237
1801.01949
1801.04894
1801.06282
1801.04270
1801.02244
1801.10137
1801.09791
1801.04565
1801.06090
1801.05795
1801.07568
1801.03722
1801.05429
1801.04519.tex
1801.06590
1801.04360
1801.04401
1801.04394
1801.05178
1801.07157.tex
1801.01218
1801.09862
1801.09730
1801.10432
1801.01719.tex
1801.06271
1801.06422
1801.03125
1801.10003
1801.01562
1801.10056
1801.10401
1801.03152.tex
1801.05924
1801.03196
1801.00095
1801.02390
1801.03746
1801.08906
1801.06541
1801.04826
1801.06846
1801.01613
1801.04890
1801.01961
1801.10014.tex
1801.03044
1801.05032
1801.02423
1801.08088
1801.07683
1801.04134
1801.02244
1801.02636
1801.01628
1801.09039
1801.02668
1801.01112
1801.06268
1801.03126
1801.05818
1801.05849
1801.05224
1801.10384
1801.06121
1801.02315
1801.09501
1801.02723
1801.03181
1801.02957
1801.05604
1801.01838
1801.04894
1801.02665
1801.08338
1801.04732
1801.07997
1801.10603
1801.05242
1801.08818
1801.00524
1801.07422
1801.07566
1801.09488
1801.05676
1801.04717.tex
1801.08107
1801.06779.tex
1801.09526
1801.06726
1801.08401
1801.02244
1801.03175
1801.06173.tex
1801.08116
1801.09628
1801.03750
1801.03521
1801.02187
1801.06913
1801.09282
1801.04429
1801.00621.tex
1801.07636.tex
1801.04735
1801.06436
1801.09346
1801.06716
1801.00540
1801.07238
1801.00468
1801.03548.tex
1801.08578
1801.04033
1801.04002.tex
1801.03190
1801.08761
1801.00021
1801.08834
1801.03123
1801.08656.tex
1801.05331
1801.04882
1801.10173
1801.07770
1801.05946
1801.10194
1801.03406
1801.09266
1801.02305
1801.06302
1801.08088
1801.05124
1801.08482
1801.00270
1801.00701
1801.01883
1801.01413
1801.10567
1801.10029
1801.07093
1801.03168
1801.10500
1801.06886
1801.07193
1801.06027
1801.05847
1801.02909
1801.02910.tex
1801.09840
1801.08825
1801.01513
1801.08477
1801.00385
1801.06566
1801.08868.tex
1801.00455
1801.04011
1801.02188
1801.02244
1801.06429
1801.09576
1801.06237
1801.08190
1801.05896
1801.01633
1801.03913
1801.06422
1801.06194
1801.09992
1801.04166
1801.06822
1801.07316
1801.05094
1801.07530
1801.06625.tex
1801.04890
1801.05246
1801.00672
1801.05937
1801.07595
1801.03570
1801.00823
1801.01721
1801.02921
1801.05669
1801.00648
1801.01042
1801.10549
1801.07562
1801.00115.tex
1801.03168
1801.07231
1801.01130
1801.09039
1801.10592.tex
1801.02294
1801.10540.tex
1801.05191
1801.00349
1801.08029
1801.05064
1801.08863
1801.08428
1801.02055
1801.05280
1801.07744
1801.00419.tex
1801.09219.tex
1801.02412.tex
1801.04571
1801.03829
1801.10416
1801.08453.tex
1801.06942
1801.02198
1801.01999
1801.02605
1801.03936
1801.07793
1801.01166
1801.00044.tex
1801.04302
1801.08501
1801.05990
1801.02112
1801.04556
1801.02144
1801.02751
1801.04068
1801.04652
1801.08408
1801.05426
1801.08515
1801.10225
1801.06449
1801.07031
1801.09243
1801.08367
1801.09718
1801.00349
1801.07378.tex
1801.05339
1801.00507
1801.07122.tex
1801.04816
1801.07644
1801.05303.tex
1801.08586
1801.04463
1801.08156
1801.06801
1801.09828.tex
1801.04962
1801.10117
1801.06913
1801.01572
1801.00123.tex
1801.02622
1801.01733
1801.06396
1801.00132
1801.04668
1801.08761
1801.05552
1801.10213
1801.09475
1801.09459
1801.08568
1801.05521
1801.04463
1801.07526
1801.08573
1801.09747
1801.05366
1801.08860.tex
1801.06541
1801.07321
1801.00891
1801.09240
1801.05512
1801.10172
1801.06653
1801.08682
1801.02825
1801.07792
1801.08451
1801.09289
1801.02841
1801.07051
1801.02293
1801.09532
1801.03207
1801.07602
1801.01255.tex
1801.01793
1801.05917
1801.00042
1801.06270
1801.09662
1801.08941
1801.08329
1801.06066
1801.02478
1801.03363
1801.07262
1801.00287
1801.08571
1801.02567
1801.04167
1801.01571
1801.06889
1801.08958
1801.03040
1801.10198
1801.04958
1801.10095
1801.10386
1801.01813
1801.04229
1801.00054
1801.09026
1801.09402
1801.04735
1801.01846
1801.04576
1801.02856.tex
1801.00670
1801.10055
1801.06709.tex
1801.03314
1801.08013
1801.07429
1801.07992
1801.09189
1801.09285.tex
1801.04006
1801.04890
1801.09225
1801.04973
1801.08221
1801.04941
1801.05693
1801.00975
1801.08456
1801.05780
1801.00507
1801.01348.tex
1801.08350.tex
1801.03844
1801.03917
1801.08356
1801.00101
1801.07107
1801.06391
1801.04644
1801.07893
1801.05143
1801.06143
1801.00038
1801.01524
1801.10032.tex
1801.06035
1801.06400
1801.04636
1801.09051
1801.00599
1801.05834.tex
1801.03798.tex
1801.10372
1801.06154
1801.06628
1801.03533
1801.08571
1801.00727
1801.06531
1801.03952
1801.03413
1801.09197
1801.05831
1801.06235
1801.08707
1801.08680.tex
1801.02735
1801.05686
1801.10155
1801.08092
1801.00196
1801.08922
1801.07284
1801.10198
1801.05402
1801.04618
1801.04268
1801.03367
1801.02464
1801.04323
1801.08564
1801.02099
1801.09015
1801.04887
1801.08467
1801.05750
1801.04953
1801.02885.tex
1801.05595
1801.07536
1801.00178
1801.06124
1801.02875.tex
1801.01226
1801.03737
1801.01506
1801.07403
1801.08499
1801.05747
1801.05764
1801.03013.tex
1801.06708
1801.10310
1801.00822
1801.00350
1801.03816
1801.02708
1801.07110
1801.04372
1801.08571
1801.08405
1801.03986
1801.05052
1801.03257
1801.04842
1801.03997
1801.04844.tex
1801.08871
1801.01873.tex
1801.01587
1801.01432
1801.07722
1801.06668
1801.09328
1801.09472
1801.04032
1801.00375
1801.02900
1801.10152
1801.07829
1801.03078
1801.06240
1801.08595
1801.01495
1801.09721
1801.03006
1801.00768
1801.05568
1801.06601
1801.03787.tex
1801.04626
1801.06386
1801.07320
1801.04930
1801.01612
1801.00495
1801.09449
1801.00593
1801.00382
1801.09410.tex
1801.01967
1801.04527.tex
1801.07044
1801.07509
1801.10502
1801.03907
1801.02123
1801.01114
1801.03381
1801.10026.tex
1801.06755
1801.06001.tex
1801.07240
1801.04676.tex
1801.01556
1801.01841
1801.02522
1801.09358
1801.09739
1801.04084
1801.02673
1801.02637
1801.07374
1801.04268
1801.00158
1801.06422
1801.05968
1801.00297
1801.03372
1801.05983
1801.00285
1801.03314
1801.10225
1801.07939
1801.07868
1801.09287
1801.04874
1801.02112
1801.00760
1801.04390
1801.08831
1801.01136
1801.06428
1801.07569
1801.10561
1801.07584.tex
1801.07644
1801.05384
1801.06369
1801.00125
1801.01081
1801.10112
1801.03612
1801.06846
1801.01170
1801.08761
1801.10399
1801.09992
1801.02967
1801.08583
1801.07961
1801.04921
1801.06161
1801.03181
1801.03705
1801.00094
1801.05938
1801.06436
1801.04743
1801.03319.tex
1801.03082.tex
1801.09887
1801.06881.tex
1801.10551
1801.07146.tex
1801.10058
1801.01612
1801.09839
1801.08262
1801.02521.tex
1801.09386
1801.01275
1801.07770
1801.01050
1801.03226
1801.06032
1801.04464
1801.08800
1801.04803.tex
1801.04334
1801.09240
1801.06309
1801.04457
1801.08367
1801.04890
1801.03726
1801.03252
1801.09597
1801.06670
1801.04563.tex
1801.09074
1801.07892
1801.03238
1801.09419
1801.01394
1801.08162
1801.10388
1801.01319
1801.04593
1801.04390
1801.05705
1801.08641
1801.01137
1801.09760
1801.07109
1801.09709
1801.09084.tex
1801.05086
1801.05591
1801.04960
1801.07991.tex
1801.07298
1801.09059
1801.01497
1801.07826
1801.08567
1801.09119
1801.08256
1801.05372
1801.09579
1801.04484.tex
1801.04117
1801.07096
1801.09240
1801.07422
1801.06234
1801.09303
1801.10214
1801.00144
1801.04471
1801.10148
1801.06680.tex
1801.01085
1801.08973.tex
1801.05091
1801.10329
1801.09414
1801.07539
1801.04999
1801.03672
1801.04672
1801.04241
1801.10609
1801.08481
1801.06653
1801.04503
1801.02994
1801.04268
1801.10193
1801.09144
1801.07682
1801.07243
1801.02144
1801.05493
1801.01903
1801.05549.tex
1801.00023.tex
1801.06950
1801.07936
1801.08544
1801.09524
1801.06761
1801.07671
1801.08761
1801.02359.tex
1801.09541
1801.09802
1801.04840.tex
1801.01980
1801.07628
1801.07609.tex
1801.10347
1801.01379
1801.05222
1801.08352
1801.03374.tex
1801.07044
1801.08673
1801.02170
1801.05039
1801.06698
1801.04790
1801.08995
1801.04767.tex
1801.09818
1801.02909
1801.09125
1801.08355
1801.04581
1801.01740
1801.02520.tex
1801.10376.tex
1801.09240
1801.00142
1801.00843
1801.03536
1801.00684
1801.01949
1801.07005
1801.07610
1801.05339
1801.05203
1801.09556
1801.00293
1801.10273
1801.02950
1801.08572
1801.03659
1801.00011
1801.10501
1801.05405
1801.09455
1801.08024
1801.01561.tex
1801.04478
1801.09301
1801.02757
1801.01848
1801.08367
1801.06846
1801.02710
1801.08761
1801.08463
1801.07452
1801.01687
1801.10370
1801.10324
1801.10579
1801.07412
1801.04951
1801.04906
1801.02062
1801.06913
1801.10198
1801.07765
1801.00803.tex
1801.03099
1801.07616
1801.04180
1801.03474
1801.05423
1801.05061
1801.10475
1801.05122
1801.07894
1801.09051
1801.07783
1801.00427.tex
1801.07506
1801.04253
1801.10603
1801.05153
1801.09967.tex
1801.03138
1801.00205
1801.06171
1801.01116
1801.09643
1801.08760
1801.09943
1801.09768
1801.03987
1801.05178
1801.10471
1801.07215
1801.00556.tex
1801.08544
1801.02429
1801.04995.tex
1801.05127
1801.03215
1801.06594
1801.08718
1801.02516
1801.01628
1801.02469
1801.05196
1801.10493.tex
1801.03918
1801.00203
1801.08916
1801.03799
1801.01641
1801.07422
1801.03942
1801.05651
1801.06844
1801.03299
1801.06839
1801.04134
1801.00330
1801.04906
1801.02244
1801.03576.tex
1801.01891
1801.09039
1801.05242
1801.09506
1801.07941
1801.09602
1801.07510
1801.02594
1801.03032
1801.06014
1801.08158
1801.09189
1801.09150
1801.07310
1801.10182
1801.04367
1801.08024
1801.09971
1801.06880
1801.05737
1801.07551
1801.08107
1801.09964
1801.02438
1801.00118
1801.02887
1801.03916
1801.09977
1801.05127
1801.04589
1801.08967.tex
1801.06876
1801.02178
1801.04397.tex
1801.10175
1801.03596
1801.04745
1801.07374
1801.07040.tex
1801.07672.tex
1801.01846
1801.05012
1801.00036
1801.00014
1801.08917
1801.09189
1801.00085
1801.06019
1801.07452
1801.10198
1801.00119
1801.09958
1801.00325
1801.02787
1801.09683
1801.00144
1801.08331
1801.03986
1801.03701
1801.03914
1801.05159
1801.03663
1801.06183
1801.02608
1801.09826
1801.04633
1801.09128
1801.09264
1801.09893
1801.07442
1801.04457
1801.02189.tex
1801.03936
1801.04565
1801.08827
1801.10140
1801.01980
1801.08477
1801.03032
1801.08347
1801.01702
1801.04486
1801.04046
1801.01809
1801.04794.tex
1801.05403
1801.08448
1801.09290
1801.01904
1801.07377
1801.01028.tex
1801.03955
1801.10352
1801.03157.tex
1801.03654.tex
1801.02357
1801.05164
1801.00790
1801.10347
1801.06126
1801.01291.tex
1801.09094
1801.06538
1801.03675
1801.00285
1801.09138.tex
1801.04268
1801.03715
1801.01532
1801.09292
1801.03740
1801.04066
1801.05567
1801.02969
1801.10276
1801.06863
1801.06297
1801.09802
1801.02640
1801.00611
1801.04005
1801.07136
1801.06144
1801.00040
1801.07504
1801.02099
1801.09225
1801.01474
1801.07349
1801.08093
1801.00208
1801.05794
1801.01538
1801.10221
1801.02457
1801.00188
1801.00335
1801.00473
1801.05890
1801.01073
1801.06319
1801.01136
1801.07271
1801.00962
1801.01257
1801.05875
1801.04939
1801.05764
1801.02133
1801.10031.tex
1801.08083
1801.07589.tex
1801.05424
1801.04618
1801.08344
1801.00197
1801.07806
1801.08388
1801.02741
1801.04811
1801.08026
1801.08088
1801.05697
1801.05211
1801.03097
1801.00586
1801.06436
1801.07809
1801.04790
1801.07393.tex
1801.05187.tex
1801.08043.tex
1801.02433
1801.04134
1801.04528
1801.02046.tex
1801.05279
1801.08760
1801.00416.tex
1801.07507
1801.08682
1801.09937
1801.02991
1801.07534
1801.05881
1801.06234
1801.02463
1801.00372
1801.05360
1801.04322
1801.05310.tex
1801.09616
1801.01906
1801.02256.tex
1801.08771
1801.07500
1801.05577.tex
1801.08962
1801.07626
1801.07573
1801.01229
1801.07518
1801.08995
1801.03585
1801.10118
1801.02309
1801.08166
1801.07452
1801.01297.tex
1801.01633
1801.08107
1801.08460.tex
1801.00507
1801.10535
1801.06232
1801.05074
1801.04989
1801.05571
1801.03324.tex
1801.04390
1801.08249
1801.05535
1801.06265
1801.06037
1801.10556
1801.09628
1801.03263
1801.02610
1801.01689
1801.08208
1801.04268
1801.03414
1801.05764
1801.02720
1801.05924
1801.07076
1801.00283
1801.06754
1801.00584
1801.08505
1801.04647
1801.05398
1801.07741
1801.09028
1801.07736
1801.03672
1801.10328
1801.08995
1801.05124
1801.10280
1801.08769
1801.09984
1801.01085
1801.07000
1801.10003
1801.04372
1801.06874.tex
1801.08909
1801.05096
1801.08995
1801.10505
1801.07655
1801.05394
1801.07992
1801.08208
1801.04503
1801.10603
1801.03367
1801.07504
1801.08213
1801.02112
1801.07039
1801.08024
1801.04859
1801.05410
1801.07734
1801.08784
1801.08620
1801.00628.tex
1801.00868
1801.06846
1801.10207
1801.04348
1801.10416
1801.00843
1801.09973
1801.03806
1801.01136
1801.00057.tex
1801.03608
1801.04920
1801.03384
1801.07938
1801.02265
1801.02205
1801.06729
1801.03206
1801.03537
1801.05168
1801.00290
1801.00307
1801.08813
1801.04341
1801.06350
1801.05340
1801.07562
1801.00657.tex
1801.00606
1801.05877
1801.06490
1801.08094
1801.00807
1801.03079
1801.04498
1801.03809
1801.04067
1801.01797
1801.05882
1801.10556
1801.08214
1801.06726
1801.01980
1801.07756
1801.08911
1801.06671
1801.06396
1801.05615
1801.09488
1801.08024
1801.04890
1801.10583
1801.09996.tex
1801.09829
1801.02279
1801.08090
1801.02595
1801.03829
1801.01773
1801.10215
1801.07865
1801.05337
1801.09189
1801.01232.tex
1801.08547
1801.07132
1801.07916
1801.07910
1801.01902
1801.04894
1801.08386
1801.03646
1801.01012
1801.06410.tex
1801.02893
1801.05648
1801.07051
1801.04472
1801.09721
1801.08801
1801.07248.tex
1801.00373
1801.06221.tex
1801.06274
1801.06396
1801.05655
1801.07095
1801.02244
1801.03882
1801.02594
1801.08093
1801.08377
1801.09259
1801.01858
1801.09003
1801.07251
1801.01961
1801.00607
1801.09567.tex
1801.05507
1801.09046
1801.06386
1801.08312
1801.03185.tex
1801.08779
1801.04982
1801.03448
1801.08439
1801.05039
1801.01050
1801.02908
1801.05497
1801.09955
1801.05052
1801.09149.tex
1801.04467
1801.10117
1801.04585
1801.08388
1801.05489
1801.01476
1801.09005
1801.05802
1801.02960
1801.07981
1801.07828
1801.09813.tex
1801.06719
1801.07743
1801.04790
1801.02241
1801.05052
1801.02918
1801.04260
1801.04709
1801.09189
1801.04891
1801.00684
1801.03404.tex
1801.08331
1801.06422
1801.01896
1801.03156
1801.10586
1801.01164
1801.01109.tex
1801.06781
1801.01314
1801.09125
1801.00510
1801.06496
1801.07305.tex
1801.04493
1801.00687
1801.06519
1801.06918
1801.00714
1801.06800.tex
1801.07866
1801.02052
1801.03361.tex
1801.05007
1801.05522
1801.03615
1801.01614
1801.03937
1801.08231.tex
1801.04906
1801.02810
1801.01463
1801.03830
1801.00687
1801.09010
1801.03589
1801.07566
1801.08214
1801.00912
1801.03010
1801.04927
1801.05607
1801.00781
1801.06827
1801.04791
1801.09623
1801.04167
1801.08208
1801.03403
1801.01269
1801.03711
1801.00465.tex
1801.10042
1801.05153
1801.04993
1801.06008
1801.08716
1801.04448
1801.01863
1801.10225
1801.06469
1801.10603
1801.06983
1801.05796
1801.07555
1801.00367.tex
1801.03966
1801.03647.tex
1801.08454
1801.07628
1801.08024
1801.02144
1801.03524
1801.01032.tex
1801.03730
1801.09685
1801.09568
1801.01258
1801.00853
1801.00985
1801.09383
1801.10518
1801.06714
1801.03065
1801.09572.tex
1801.04908
1801.04145
1801.01189
1801.06505
1801.05226
1801.04559
1801.03023
1801.08761
1801.04669
1801.02990
1801.09992
1801.01075
1801.05662
1801.09786
1801.00689
1801.02244
1801.01843
1801.00716
1801.00013.tex
1801.04167
1801.06719
1801.02980
1801.09166
1801.04744
1801.07722
1801.05108
1801.03720.tex
1801.10219
1801.07614
1801.07320
1801.07110
1801.09343
1801.03201
1801.00684
1801.01394
1801.04353
1801.02385
1801.06799
1801.09587.tex
1801.02880
1801.06876
1801.04535
1801.01571
1801.09266
1801.08260.tex
1801.00421.tex
1801.02064
1801.10117
1801.04993
1801.05356
1801.06886
1801.07374
1801.06258
1801.06766
1801.05394
1801.03047.tex
1801.07372
1801.02161
1801.00931
1801.10370
1801.10300
1801.09618
1801.10467
1801.09678
1801.00262
1801.08228
1801.04219.tex
1801.02004
1801.07434
1801.10318
1801.10271
1801.05313
1801.07422
1801.01148.tex
1801.09949
1801.10220
1801.00917
1801.08687
1801.03261
1801.09912
1801.06279
1801.05506
1801.04406
1801.05307
1801.00207
1801.06822
1801.02651
1801.03767.tex
1801.00572
1801.06066
1801.07315.tex
1801.07777
1801.03911
1801.00126
1801.03181
1801.02409
1801.02106
1801.02447
1801.01852
1801.01628
1801.05871
1801.06050
1801.09706
1801.00075
1801.05003.tex
1801.04958
1801.04387
1801.06435
1801.05800
1801.09309
1801.00027
1801.08412
1801.07164.tex
1801.02963
1801.05607
1801.06439
1801.00278
1801.06275
1801.00234
1801.07149.tex
1801.09272
1801.04641
1801.04172
1801.02741
1801.02283
1801.08586
1801.08155
1801.06479
1801.05294
1801.09812
1801.01040
1801.04372
1801.09526
1801.07594
1801.00269
1801.02244
1801.09812
1801.04993
1801.03378.tex
1801.06704
1801.06913
1801.06939
1801.09607.tex
1801.01619
1801.05178
1801.07224
1801.01668
1801.09709
1801.04583
1801.05822
1801.06886
1801.03833
1801.06271
1801.04385
1801.08618
1801.00024.tex
1801.04268
1801.04098
1801.08477
1801.05433
1801.08108
1801.10254
1801.00742
1801.05678
1801.07801
1801.06027
1801.10370
1801.00020.tex
1801.03612
1801.04488
1801.07816
1801.02780
1801.03721
1801.03162
1801.09637
1801.00309
1801.07870
1801.06541
1801.09686
1801.03337
1801.01271.tex
1801.04503
1801.09582.tex
1801.08500
1801.06042
1801.02269
1801.02668
1801.06309
1801.00785.tex
1801.02144
1801.06147
1801.01294
1801.10264
1801.02492
1801.09531.tex
1801.04890
1801.01980
1801.09537
1801.07492
1801.03666
1801.06309
1801.05917
1801.08093
1801.09519
1801.08797
1801.02453
1801.02617
1801.02701
1801.00234
1801.00229
1801.09201
1801.08682
1801.05996.tex
1801.07320
1801.08248
1801.00883
1801.04993
1801.10259.tex
1801.08761
1801.05917
1801.08626
1801.05772
1801.09378
1801.03956
1801.08058
1801.02073
1801.09189
1801.06653
1801.01515
1801.06992
1801.04502.tex
1801.02042
1801.04151
1801.06104
1801.04686
1801.04011
1801.10421.tex
1801.03947
1801.02691
1801.01550
1801.03418
1801.09455
1801.04695
1801.02925
1801.02533
1801.06922
1801.01079.tex
1801.07618
1801.09618
1801.08820.tex
1801.05517
1801.00012
1801.05302
1801.01813
1801.05444
1801.02701
1801.04858
1801.08077.tex
1801.04469.tex
1801.01367
1801.02960
1801.04902
1801.02244
1801.06695
1801.06368
1801.02112
1801.02141
1801.07628
1801.00798
1801.03369.tex
1801.02244
1801.08384
1801.03065
1801.00759
1801.07507
1801.01813
1801.10003
1801.10603
1801.09409
1801.04318
1801.05665
1801.02752.tex
1801.04229
1801.05168
1801.10126.tex
1801.07628
1801.09442
1801.05394
1801.09526
1801.06386
1801.07572
1801.10030
1801.01055.tex
1801.00248
1801.05039
1801.07033.tex
1801.00843
1801.04893.tex
1801.03777.tex
1801.06653
1801.06641
1801.08660
1801.03339
1801.05129
1801.02958
1801.04774
1801.04942
1801.07300
1801.01236
1801.04378
1801.08024
1801.01796
1801.00128
1801.08024
1801.10170
1801.05687.tex
1801.01050
1801.02244
1801.04533
1801.06503
1801.09455
1801.03116
1801.01768
1801.08833.tex
1801.08644
1801.05073
1801.06597
1801.00382
1801.03158
1801.06974
1801.07549
1801.00003
1801.04354
1801.01958
1801.09766.tex
1801.01779
1801.09957
1801.09403
1801.00918
1801.03672
1801.06886
1801.02457
1801.04281
1801.10216.tex
1801.06689
1801.03314
1801.03151
1801.01473
1801.01187.tex
1801.09720
1801.09423
1801.09478.tex
1801.08953
1801.07893
1801.06446
1801.06943
1801.01641
1801.04312.tex
1801.00825
1801.05134
1801.06692.tex
1801.06768
1801.04528
1801.00314
1801.08520
1801.08026
1801.02301
1801.09445
1801.09736
1801.07038.tex
1801.02754
1801.08024
1801.03730
1801.04524
1801.04424.tex
1801.04282
1801.05648
1801.00151.tex
1801.04668
1801.02159.tex
1801.04661
1801.07842
1801.03987
1801.10352
1801.02141
1801.05649
1801.06796
1801.08331
1801.08088
1801.01943
1801.00385
1801.04523
1801.08339.tex
1801.02144
1801.09311.tex
1801.08641
1801.01565
1801.01959
1801.06650.tex
1801.02244
1801.10295
1801.03913
1801.05563
1801.05862
1801.10217.tex
1801.00268.tex
1801.05506
1801.09709
1801.07734
1801.08748
1801.02007
1801.10396
1801.08097
1801.05360
1801.05745
1801.00770.tex
1801.07757
1801.01204
1801.05211
1801.09721
1801.07257
1801.00382
1801.09953
1801.04204
1801.07567
1801.03181
1801.00448
1801.09091
1801.07321
1801.02244
1801.05153
1801.02776
1801.07985
1801.04712
1801.05592.tex
1801.04081
1801.09393
1801.05578
1801.05048
1801.07742
1801.01114
1801.04084
1801.07956.tex
1801.05299
1801.06144
1801.03632
1801.01967
1801.10050
1801.02408
1801.10452
1801.10278
1801.10362
1801.00239
1801.06892
1801.08364
1801.10027.tex
1801.00800
1801.06520
1801.09166
1801.06854
1801.10255.tex
1801.02580
1801.00381.tex
1801.10458
1801.00185
1801.00056
1801.00937
1801.01896
1801.07973
1801.01362
1801.09203
1801.08653
1801.06538
1801.07623
1801.01914
1801.08156
1801.09808
1801.09812
1801.10295
1801.08410
1801.03941
1801.00297
1801.01854
1801.00544.tex
1801.03594
1801.08761
1801.03463
1801.08844
1801.07087
1801.02767
1801.02668
1801.06530
1801.03420
1801.05670
1801.09963
1801.08528.tex
1801.09364
1801.04388.tex
1801.04363
1801.03045.tex
1801.06093
1801.10292
1801.03987
1801.10583
1801.04057
1801.07780
1801.06943
1801.06210
1801.07987
1801.10494
1801.10516
1801.06846
1801.10456
1801.05353
1801.04008
1801.02318
1801.04959
1801.03513.tex
1801.10477
1801.05203
1801.09181.tex
1801.04303.tex
1801.03859
1801.03854.tex
1801.02481.tex
1801.08991
1801.02178
1801.06235
1801.01114
1801.10246
1801.08818
1801.07895
1801.09749
1801.08991
1801.00682
1801.07501
1801.07239
1801.00491
1801.07479
1801.10347
1801.01641
1801.10603
1801.10225
1801.08809
1801.06296
1801.08001
1801.06816.tex
1801.01689
1801.03928
1801.05211
1801.02003
1801.04290
1801.06218
1801.10467
1801.02909
1801.03794
1801.03672
1801.08609
1801.01741
1801.00640
1801.02772.tex
1801.09361
1801.05127
1801.06703
1801.04390
1801.00585
1801.02244
1801.09455
1801.09895
1801.03925.tex
1801.00210.tex
1801.03672
1801.02244
1801.10207
1801.09251
1801.04897
1801.05764
1801.05535
1801.03732
1801.09034
1801.04648
1801.10422
1801.07918
1801.00893
1801.09344
1801.05100
1801.06400
1801.09756
1801.06335
1801.04192
1801.00377
1801.01005
1801.04889
1801.09767
1801.02634
1801.09645
1801.01643
1801.02012.tex
1801.07734
1801.02693
1801.03603
1801.08114
1801.06244
1801.01380.tex
1801.03957
1801.09992
1801.05756
1801.03520
1801.09424
1801.05631
1801.04536
1801.01634
1801.03419
1801.00144
1801.08343.tex
1801.10017
1801.09240
1801.08660
1801.02200
1801.10125.tex
1801.07397
1801.04449.tex
1801.03373
1801.01677
1801.10003
1801.00695
1801.07624
1801.06777
1801.02697
1801.07882.tex
1801.00216
1801.02414
1801.08738
1801.00974
1801.08039
1801.09336.tex
1801.07430
1801.08529.tex
1801.06977.tex
1801.05152
1801.06396
1801.08917
1801.05013
1801.01946
1801.03866
1801.05726.tex
1801.02595
1801.09041
1801.02653
1801.08354
1801.02595
1801.03289
1801.06912
1801.05806
1801.04618
1801.07042
1801.06723
1801.03837
1801.01469
1801.00712
1801.07647
1801.07323
1801.02313
1801.01184
1801.00105
1801.06377
1801.03535
1801.06505
1801.04591.tex
1801.08323
1801.02909
1801.06359
1801.02852
1801.00398
1801.07452
1801.06351
1801.03847.tex
1801.05368.tex
1801.04763
1801.07215
1801.04559
1801.04344
1801.04121.tex
1801.09981.tex
1801.00112
1801.02519.tex
1801.06396
1801.09051
1801.06334
1801.02905
1801.00515
1801.05107
1801.01135
1801.03034
1801.05007
1801.03239
1801.08883
1801.02273
1801.01054
1801.09535
1801.07891
1801.06661
1801.01813
1801.04623
1801.07497
1801.03815
1801.01928
1801.09812
1801.08293
1801.01615
1801.06762
1801.02629
1801.04402
1801.09373
1801.08026
1801.03459
1801.02577
1801.08238
1801.05807
1801.01980
1801.10367
1801.08724
1801.00146
1801.07369
1801.00780
1801.04902
1801.07922
1801.03633
1801.08569
1801.02112
1801.00032
1801.04504
1801.05203
1801.10225
1801.03660
1801.03320.tex
1801.09524
1801.09688
1801.02852
1801.10344
1801.01607
1801.03399
1801.09526
1801.06770.tex
1801.02714.tex
1801.05385.tex
1801.09847
1801.09631
1801.03027
1801.03155
1801.09455
1801.02185
1801.02198
1801.02077
1801.09581
1801.03125
1801.07008
1801.03136
1801.10425
1801.10475
1801.00137
1801.09430
1801.01689
1801.03833
1801.04095
1801.03656.tex
1801.00914
1801.06540
1801.09445
1801.05360
1801.09835
1801.08204
1801.07691
1801.05109
1801.05124
1801.02144
1801.06913
1801.01715
1801.01529
1801.09063
1801.03471
1801.09870
1801.03451
1801.09216
1801.01605
1801.00420
1801.00769
1801.01174
1801.00016
1801.08683
1801.10472
1801.04617.tex
1801.01384.tex
1801.06296
1801.01883
1801.08769
1801.08070
1801.08060.tex
1801.09721
1801.02735
1801.09875.tex
1801.02670
1801.00772
1801.08618
1801.00780
1801.08682
1801.04010
1801.08047
1801.09292
1801.03484
1801.01336
1801.06364
1801.07651
1801.07481
1801.02410
1801.07492
1801.09426
1801.08219.tex
1801.04348
1801.08919.tex
1801.01275
1801.02062
1801.05032
1801.02112
1801.09992
1801.02200
1801.07166
1801.04387
1801.04865
1801.04465
1801.09949
1801.08682
1801.09102
1801.07284
1801.04741
1801.00584
1801.06912
1801.05403
1801.10292
1801.02668
1801.00352.tex
1801.09454
1801.10522
1801.00833
1801.06426.tex
1801.03030
1801.03709
1801.01527
1801.02283
1801.02262.tex
1801.10005
1801.01720
1801.10608.tex
1801.05409
1801.04011
1801.07892
1801.09087
1801.03493
1801.06921
1801.05301
1801.01215
1801.00903
1801.06757
1801.08607
1801.04976
1801.05224
1801.02916
1801.00297
1801.08568
1801.03175
1801.01980
1801.04268
1801.00708
1801.06422
1801.04066
1801.05398
1801.09492
1801.06055
1801.03936
1801.07222
1801.09526
1801.08331
1801.07507
1801.07422
1801.09527
1801.10524
1801.10336
1801.01081
1801.03509
1801.07777
1801.05175
1801.05917
1801.04753
1801.03979
1801.10049
1801.03275
1801.10323
1801.05244
1801.06187
1801.06043
1801.06516
1801.04688
1801.04943
1801.01795.tex
1801.01311
1801.05824
1801.08598
1801.10292
1801.07243
1801.05253.tex
1801.08991
1801.05363
1801.02645
1801.05211
1801.08516.tex
1801.10292
1801.09783
1801.00215
1801.09718
1801.04032
1801.03175
1801.10556
1801.09825
1801.06422
1801.08926
1801.01669
1801.03793
1801.01208
1801.02062
1801.07452
1801.04299
1801.09699
1801.06407
1801.02265
1801.05096
1801.05091
1801.08545
1801.09522
1801.00338
1801.04618
1801.05369
1801.05168
1801.09461
1801.07874
1801.10273
1801.10518
1801.07222
1801.04032
1801.09480.tex
1801.00183
1801.05444
1801.06700
1801.06061
1801.02167
1801.06277
1801.08336
1801.06144
1801.09344
1801.10518
1801.05098
1801.02099
1801.01410
1801.08873
1801.07446
1801.10370
1801.03532
1801.03859
1801.00314
1801.01758
1801.09774